$ANSIBLE_VAULT;1.1;AES256
36663535363861396365636633363262393537373630666463613962313866623730383765626466
6337636231653863643231343663393865373439316162650a396435643865366639633132396434
34353938333831653364626265643134653535383333313765643862313661346333643266326630
3764663631326264380a346162303134383133336332386439343964663030386633353133663632
32376461343364343731316263346430393162393836353633623033346633313564323831373239
32633836323537663865663534376565363538626131613833663734663436383239313838396638
65303234306533303965303864373138333035646635373830313539323165616335636538386465
38363431303564616566393438303539643365643162643664613436383461323632343838633437
37336362623031363235393635326331316431393936333339323564336535653038336531376338
31313735303539336162313133333166366139386531646665316133636636346137393638663063
66396331613262353735336635666130623339613764343866303464623637636135626435663238
38306661636334386264393935613566663137613066613637316166363566316433303134666136
64303662373963353639666539323166623264313162306333343937386535613232643761343530
62386632316234626433643866626231623634333231373663666563613862306265663734646437
34363866643135643931633235376532353666653737363332323764313936663765666138646436
34316561613537393464323466373333353732323364303433306537666165666435333063653565
32663131633465643034363132643766376661323330306432306562363735643666376637323135
61373361303263633732646131626262666339633635343738353131323136646234653261333339
32653330616131626366663336653166626334383539373465623833626263366538613730653239
37336135633464643864653737303737313663356237653438323039333364373232366663623330
63333237656438326236356165613164353762326531353336613637353638323061356635663163
37633862346632333835663863376439663534313034383264373631633764326330303665323361
35616533623962623538343436316534323362646136623964303530386635653836303732653136
61306666336662313831646366663337326138313466653962383964373762616263333339643566
6334
